 0.11414494E+01 0.13044230E+01
 0.27205261E+01 0.14572108E+00
 0.30750321E+01 0.58099037E-03
 0.30805493E+01 0.16041443E-02
 0.30888720E+01 0.29604886E-02
 0.31000393E+01 0.45059174E-02
 0.31140828E+01 0.61155538E-02
 0.31310234E+01 0.76936216E-02
 0.31508729E+01 0.91717943E-02
 0.31736361E+01 0.10503810E-01
 0.31993139E+01 0.11660398E-01
 0.32279054E+01 0.12625600E-01
 0.32594091E+01 0.13394214E-01
 0.32938235E+01 0.13969798E-01
 0.33311474E+01 0.14362787E-01
 0.33713797E+01 0.14588588E-01
 0.34145186E+01 0.14665685E-01
 0.34605617E+01 0.14613906E-01
 0.35095055E+01 0.14453007E-01
 0.35613457E+01 0.14201644E-01
 0.36160770E+01 0.13876734E-01
 0.36736932E+01 0.13493174E-01
 0.37341875E+01 0.13063795E-01
 0.37975532E+01 0.12599499E-01
 0.38637830E+01 0.12109482E-01
 0.39328701E+01 0.11601479E-01
 0.40048079E+01 0.11082019E-01
 0.40795900E+01 0.10556641E-01
 0.41572106E+01 0.10030075E-01
 0.42376643E+01 0.95063844E-02
 0.43209464E+01 0.89890721E-02
 0.44070523E+01 0.84811563E-02
 0.44959779E+01 0.79852199E-02
 0.45877195E+01 0.75034402E-02
 0.46822739E+01 0.70376023E-02
 0.47796381E+01 0.65890986E-02
 0.48798104E+01 0.61589158E-02
 0.49827910E+01 0.57476117E-02
 0.50885844E+01 0.53552839E-02
 0.51972034E+01 0.49815370E-02
 0.53086767E+01-0.46254675E-02
 0.54230630E+01-0.42856930E-02
 0.55404741E+01-0.39604869E-02
 0.56611129E+01-0.36480877E-02
 0.57853327E+01-0.33472696E-02
 0.59137211E+01-0.30581648E-02
 0.60472001E+01-0.27830996E-02
 0.61870923E+01-0.25266683E-02
 0.63349786E+01-0.22934913E-02
 0.64919280E+01-0.20811568E-02
 0.66564929E+01-0.18658593E-02
 0.68211756E+01-0.15851123E-02
 0.69669070E+01-0.11377454E-02
 0.70575234E+01-0.43360358E-03
 0.78442050E+01-0.96626782E-02
 0.86990704E+01-0.49260861E-06
 0.14962424E+02 0.30534741E-07
 0.19357576E+02-0.82430596E-02
 0.51039184E+02-0.18758695E-07
 0.18561769E+03-0.71952431E-02
