 0.11414174E+01 0.13045369E+01
 0.27198214E+01 0.14576009E+00
 0.30763272E+01 0.90491735E-03
 0.30843023E+01 0.24503586E-02
 0.30963693E+01 0.44120257E-02
 0.31126015E+01 0.65354222E-02
 0.31330475E+01 0.86247267E-02
 0.31577324E+01 0.10546715E-01
 0.31866646E+01 0.12218075E-01
 0.32198443E+01 0.13592651E-01
 0.32572688E+01 0.14652547E-01
 0.32989351E+01 0.15401825E-01
 0.33448406E+01 0.15861029E-01
 0.33949824E+01 0.16061702E-01
 0.34493561E+01 0.16041115E-01
 0.35079549E+01 0.15837749E-01
 0.35707693E+01 0.15488020E-01
 0.36377872E+01 0.15024346E-01
 0.37089949E+01 0.14474362E-01
 0.37843771E+01 0.13860968E-01
 0.38639181E+01 0.13202824E-01
 0.39476023E+01 0.12515047E-01
 0.40354149E+01 0.11809911E-01
 0.41273419E+01 0.11097455E-01
 0.42233704E+01 0.10385970E-01
 0.43234889E+01 0.96823625E-02
 0.44276871E+01 0.89924032E-02
 0.45359559E+01 0.83209076E-02
 0.46482872E+01 0.76718543E-02
 0.47646740E+01 0.70484719E-02
 0.48851101E+01 0.64533064E-02
 0.50095904E+01 0.58882804E-02
 0.51381104E+01 0.53547500E-02
 0.52706667E+01 0.48535611E-02
 0.54072570E+01 0.43851052E-02
 0.55478803E+01 0.39493731E-02
 0.56925378E+01 0.35460021E-02
 0.58412341E+01 0.31743127E-02
 0.59939802E+01 0.28333286E-02
 0.61507981E+01 0.25217728E-02
 0.63117310E+01 0.22380368E-02
 0.64768613E+01 0.19801191E-02
 0.66463431E+01 0.17455440E-02
 0.68204604E+01 0.15312905E-02
 0.69997216E+01 0.13337942E-02
 0.71850057E+01 0.11491051E-02
 0.73777502E+01 0.97323892E-03
 0.75800967E+01 0.80256887E-03
 0.77946832E+01 0.63402326E-03
 0.80232649E+01-0.46568713E-03
 0.82627386E+01-0.30057005E-03
 0.84981377E+01-0.15492515E-03
 0.86970884E+01-0.56310025E-04
 0.88136172E+01-0.11511728E-04
 0.10694846E+02-0.25128023E-02
 0.11174938E+02-0.29430337E-06
 0.20194166E+02 0.16222432E-07
 0.28266941E+02-0.14926186E-02
 0.72144701E+02-0.84950041E-08
 0.26795683E+03-0.11871492E-02
