 0.14999995E+01 0.96769946E+00
 0.17777772E+01 0.45927921E+00
 0.18749995E+01 0.28554724E+00
 0.19199995E+01 0.20035571E+00
 0.19444453E+01 0.15086362E+00
 0.19594177E+01 0.12324906E+00
 0.19719982E+01 0.12810044E+00
 0.19876214E+01 0.14434326E+00
 0.20070733E+01 0.15738107E+00
 0.20300417E+01 0.16787547E+00
 0.20563151E+01 0.17662745E+00
 0.20857625E+01 0.18405682E+00
 0.21182957E+01 0.19041038E+00
 0.21538523E+01 0.19584999E+00
 0.21923856E+01 0.20049120E+00
 0.22338598E+01 0.20442213E+00
 0.22782468E+01 0.20771353E+00
 0.23255239E+01 0.21042457E+00
 0.23756725E+01 0.21260634E+00
 0.24286775E+01 0.21430402E+00
 0.24845260E+01 0.21555829E+00
 0.25432073E+01 0.21640626E+00
 0.26047121E+01 0.21688211E+00
 0.26690325E+01 0.21701754E+00
 0.27361617E+01 0.21684205E+00
 0.28060937E+01 0.21638319E+00
 0.28788234E+01 0.21566672E+00
 0.29543462E+01 0.21471671E+00
 0.30326580E+01 0.21355570E+00
 0.31137554E+01 0.21220472E+00
 0.31976351E+01 0.21068344E+00
 0.32842946E+01 0.20901020E+00
 0.33737315E+01 0.20720213E+00
 0.34659440E+01 0.20527523E+00
 0.35609313E+01 0.20324449E+00
 0.36586936E+01 0.20112401E+00
 0.37592334E+01 0.19892718E+00
 0.38625569E+01 0.19666683E+00
 0.39686773E+01 0.19435556E+00
 0.40776200E+01 0.19200626E+00
 0.41894322E+01 0.18963368E+00
 0.43041994E+01 0.18725855E+00
 0.44220726E+01 0.18491832E+00
 0.45433123E+01 0.18269252E+00
 0.46683540E+01 0.18075653E+00
 0.47978970E+01 0.17948132E+00
 0.49329946E+01 0.17959145E+00
 0.50750610E+01 0.18235906E+00
 0.52254969E+01 0.18967368E+00
 0.53841035E+01 0.20306931E+00
 0.55450087E+01 0.21669047E+00
 0.56943690E+01 0.19556177E+00
 0.58257413E+01 0.10850148E+00
 0.59363675E+01 0.22862016E-01
 0.75714741E+01-0.63675130E+00
 0.75921862E+01-0.71924567E-03
 0.13856286E+02 0.92038620E-06
 0.17741327E+02 0.63382367E+00
 0.49933361E+02 0.72161261E-07
 0.17299729E+03-0.28169918E+00
