 0.14992917E+01 0.14698889E+01
 0.21430783E+01 0.16063993E-02
 0.21485682E+01 0.45757302E-02
 0.21568100E+01 0.88031037E-02
 0.21678135E+01 0.14056147E-01
 0.21815884E+01 0.20074534E-01
 0.21981436E+01 0.26595705E-01
 0.22174868E+01 0.33373416E-01
 0.22396236E+01 0.40188733E-01
 0.22645578E+01 0.46854777E-01
 0.22922916E+01 0.53217242E-01
 0.23228257E+01 0.59152603E-01
 0.23561599E+01 0.64565406E-01
 0.23922937E+01 0.69385486E-01
 0.24312261E+01 0.73565444E-01
 0.24729566E+01 0.77078437E-01
 0.25174848E+01 0.79916135E-01
 0.25648109E+01 0.82086690E-01
 0.26149353E+01 0.83612554E-01
 0.26678590E+01 0.84528099E-01
 0.27235830E+01 0.84877053E-01
 0.27821084E+01 0.84709858E-01
 0.28434364E+01 0.84081083E-01
 0.29075677E+01 0.83047031E-01
 0.29745028E+01 0.81663673E-01
 0.30442419E+01 0.79984970E-01
 0.31167847E+01 0.78061626E-01
 0.31921305E+01 0.75940256E-01
 0.32702781E+01 0.73662913E-01
 0.33512260E+01 0.71266933E-01
 0.34349724E+01 0.68785005E-01
 0.35215154E+01 0.66245408E-01
 0.36108528E+01 0.63672349E-01
 0.37029826E+01 0.61086358E-01
 0.37979033E+01 0.58504692E-01
 0.38956139E+01 0.55941730E-01
 0.39961153E+01 0.53409344E-01
 0.40994116E+01 0.50917231E-01
 0.42055127E+01 0.48473225E-01
 0.43144395E+01 0.46083594E-01
 0.44262320E+01 0.43753331E-01
 0.45409648E+01 0.41486492E-01
 0.46587719E+01 0.39286695E-01
 0.47798890E+01 0.37158128E-01
 0.49047225E+01 0.35108073E-01
 0.50339543E+01 0.33153184E-01
 0.51686804E+01 0.31333142E-01
 0.53105218E+01 0.29734013E-01
 0.54614449E+01 0.28513585E-01
 0.56225576E+01 0.27894750E-01
 0.57904839E+01 0.28025967E-01
 0.59507096E+01 0.28413703E-01
 0.60741312E+01 0.26272287E-01
 0.61322292E+01 0.13051884E-01
 0.76508528E+01-0.44040078E-01
 0.77671206E+01-0.91329459E-05
 0.14030474E+02-0.27140891E-07
 0.18892061E+02-0.12257042E-02
 0.50107234E+02 0.17250123E-07
 0.18486233E+03-0.43267054E-02
